データ読み込み中...
  N225microf_2023.xlsx: 27751 本
  N225microf_2024.xlsx: 61873 本
  N225microf_2025.xlsx: 62351 本
  N225microf_2026.xlsx: 18549 本
  micro_5min.csv: 19429 本
合計: 170846 本  (2023-07-24 00:00:00 ~ 2026-04-28 13:15:00)

[OK] CPI読み込み: 48件

================================================================================
  1. 全体成績
================================================================================
                 件数     勝率%     損益(pt)        損益(円)      期待値      PF
  -----------------------------------------------------------------
  系統①          8492   33.3%   +79012.6     +790,126    +9.30  1.237
  系統③         13985   30.2%  +264523.0   +2,645,230   +18.91  1.440
  合算          22477   31.4%  +343535.6   +3,435,356   +15.28  1.367

================================================================================
  2. 年別成績
================================================================================
                   件数     勝率%     損益(pt)        損益(円)      期待値      PF
  ------------------------------------------------------------------------
  2023  系統①   1320   32.7%    +1816.0      +18,160    +1.38  1.036
  2023  系統③   2321   36.2%   +66138.8     +661,388   +28.50  1.731
  2023  合算     3641   34.9%   +67954.8     +679,548   +18.66  1.485
  ------------------------------------------------------------------------
  2024  系統①   2965   33.2%   +17517.0     +175,170    +5.91  1.149
  2024  系統③   4821   28.5%   +58243.8     +582,438   +12.08  1.274
  2024  合算     7786   30.3%   +75760.8     +757,608    +9.73  1.229
  ------------------------------------------------------------------------
  2025  系統①   3284   34.6%   +44900.2     +449,002   +13.67  1.355
  2025  系統③   4773   30.2%   +99894.4     +998,944   +20.93  1.487
  2025  合算     8057   32.0%  +144794.6   +1,447,946   +17.97  1.437
  ------------------------------------------------------------------------
  2026  系統①    923   30.2%   +14779.4     +147,794   +16.01  1.374
  2026  系統③   2070   27.4%   +40246.0     +402,460   +19.44  1.431
  2026  合算     2993   28.3%   +55025.4     +550,254   +18.38  1.414
  ------------------------------------------------------------------------

================================================================================
  3. 年x月クロス集計 - 損益(円)
================================================================================
  年  系統       1月     2月     3月     4月     5月     6月     7月     8月     9月    10月    11月    12月    合計
  -------------------------------------------------------------------------------------------------
  2023  ①          +0      +0      +0      +0      +0      +0  +48,196  -65,426  +21,408  -23,570      +0  +37,552   +18,160
  2023  ③          +0      +0      +0      +0      +0      +0      +0  +124,100  +114,272  +161,792      +0  +261,224  +661,388
  2023  合算        +0      +0      +0      +0      +0      +0  +48,196  +58,674  +135,680  +138,222      +0  +298,776  +679,548
  -------------------------------------------------------------------------------------------------
  2024  ①      +91,374  +33,400      +0  -65,822      +0  -62,130  -3,048  -25,302  +27,330  +160,432      +0  +18,936  +175,170
  2024  ③      -15,392  +23,048  -74,436  +187,610  +86,660  -10,780      +0  +56,978  +162,368  +113,994      +0  +52,388  +582,438
  2024  合算    +75,982  +56,448  -74,436  +121,788  +86,660  -72,910  -3,048  +31,676  +189,698  +274,426      +0  +71,324  +757,608
  -------------------------------------------------------------------------------------------------
  2025  ①      +88,088  -34,956      +0  -1,174      +0  +171,868  +48,750  +142,076  -20,744  +76,830      +0  -21,736  +449,002
  2025  ③        +666  +239,498  +154,700  +141,410  +21,684  +123,430      +0  +231,130  +125,304  -113,396      +0  +74,518  +998,944
  2025  合算    +88,754  +204,542  +154,700  +140,236  +21,684  +295,298  +48,750  +373,206  +104,560  -36,566      +0  +52,782  +1,447,946
  -------------------------------------------------------------------------------------------------
  2026  ①      +128,880  +40,768      +0  -21,854      +0      +0      +0      +0      +0      +0      +0      +0  +147,794
  2026  ③      +148,790  +43,128  +166,140  +44,402      +0      +0      +0      +0      +0      +0      +0      +0  +402,460
  2026  合算    +277,670  +83,896  +166,140  +22,548      +0      +0      +0      +0      +0      +0      +0      +0  +550,254
  -------------------------------------------------------------------------------------------------
  計   ①全期間  +308,342  +39,212      +0  -88,850      +0  +109,738  +93,898  +51,348  +27,994  +213,692      +0  +34,752  +790,126
  計   ③全期間  +134,064  +305,674  +246,404  +373,422  +108,344  +112,650      +0  +412,208  +401,944  +162,390      +0  +388,130  +2,645,230
  計   合算全期  +442,406  +344,886  +246,404  +284,572  +108,344  +222,388  +93,898  +463,556  +429,938  +376,082      +0  +422,882  +3,435,356

================================================================================
  4. 月次損失上限分析（系統①③合算）
================================================================================

         制限(円)     件数     スキップ    発動月     勝率%        損益(円)      PF
  --------------------------------------------------------------------
     制限なし  22477        0      0   31.4%   +3,435,356  1.367
       -20,000  14974     7503     15   31.1%   +2,257,472  1.360
       -30,000  18524     3953      8   31.5%   +2,982,572  1.387
       -40,000  19406     3071      7   31.5%   +2,999,768  1.372
       -50,000  20535     1942      4   31.5%   +3,213,680  1.377
